r_word,line_1,line_1_id,line_2,line_2_id,r_sounds,r_degree,r_scheme,authors_id,poem_id
plain,"For know my blooming constant swain,",pro75-l04755,"Doth calmly sleep, on yonder plain.",pro75-l04760,/eɪn/ | /eɪn/,full,aa<b>b</b><b>b</b>,pers00271,pro75-w0220
strain," And show the toils and pastime of the swain,",o4985-l26860," Right well he knew to raise his learned strain,",o4985-l26870,/eɪn/ | /eɪn/,full,a<b>b</b>a<b>b</b>bcbcc,pers00033,o4985-w0390
chain," And show the toils and pastime of the swain,",o4985-l26860," And, like his Milton, scorn'd the rhiming chain. ",o4985-l26875,/eɪn/ | /eɪn/,full,a<b>b</b>ab<b>b</b>cbcc,pers00033,o4985-w0390
vain," And show the toils and pastime of the swain,",o4985-l26860," Receive this wreath, albe the tribute's vain;",o4985-l26885,/eɪn/ | /eɪn/,full,a<b>b</b>abbc<b>b</b>cc,pers00033,o4985-w0390
vain," (Tho' much admir'd, I ween, of nymph and swain)",o4985-l27130,Seeks he to prove that woman's vows are vain! ,o4985-l27140,/eɪn/ | /eɪn/,full,a<b>b</b>a<b>b</b>bcbcc,pers00033,o4985-w0390
strain," (Tho' much admir'd, I ween, of nymph and swain)",o4985-l27130,"He Bateman's fortune tells, a baleful strain! ",o4985-l27145,/eɪn/ | /eɪn/,full,a<b>b</b>ab<b>b</b>cbcc,pers00033,o4985-w0390
profane," (Tho' much admir'd, I ween, of nymph and swain)",o4985-l27130," He sings a 'prentice bold, in londs profane,",o4985-l27155,/eɪn/ | /eɪn/,full,a<b>b</b>abbc<b>b</b>cc,pers00033,o4985-w0390
plain, And every nymph rewards her constant swain. ,o4985-l27565," The which, like pearls, descended on the plain. ",o4985-l27555,/eɪn/ | /eɪn/,full,ababb<b>c</b>b<b>c</b>c,pers00033,o4985-w0390
again, And every nymph rewards her constant swain. ,o4985-l27565,"Thrice happy he who loves, and is belov'd again. ",o4985-l27570,/eɪn/ | /en/,half-pararhyme,ababbcb<b>c</b><b>c</b>,pers00033,o4985-w0390
pain,"Here to his comfort the poor helpless swain,",o5156-l09735,"Rack'd with the torture of rheumatic pain,",o5156-l09740,/eɪn/ | /eɪn/,full,<b>a</b><b>a</b>,pers00120,o5156-w0380
main, To clasp her lovely swain;,o5089-l17730, His heart's blood dy'd the main! ,o5089-l17740,/eɪn/ | /eɪn/,full,a<b>b</b>a<b>b</b>,pers00099,o5089-w0310
disdain, Nor cou'd her Frown disturb the haughty Swain:,o5125-l19610,"Without Concern he met the Fair's Disdain,",o5125-l19605,/eɪn/ | /eɪn/,full,<b>a</b><b>a</b>,pers00154,o5125-w0510
plain, Admir'd and lov'd by ev'ry wond'ring swain. ,bjl92-l13650,"Young D—h was the fairest on the plain,",bjl92-l13645,/eɪn/ | /eɪn/,full,<b>a</b><b>a</b>,pers00338,bjl92-w0560
vain, For what is Pow'r to such an humble Swain? ,ppo24-l05505," Yet Fate should still offer its Pow'r in vain,",ppo24-l05500,/eɪn/ | /eɪn/,full,<b>a</b><b>a</b>,pers00257,ppo24-w0040
vain,"Her nets she spreads for ev'ry swain,",o5153-l05685,"When fond of pow'r, of beauty vain,",o5153-l05680,/eɪn/ | /eɪn/,full,<b>a</b><b>a</b>bb,pers00030,o5153-w0100
plain,In strains unwonted to the ear of swain:,o5153-l31915,"Quits the low harvest of the golden plain,",o5153-l31925,/eɪn/ | /eɪn/,full,aabbccddeeffghhg<b>i</b>k<b>i</b>kll,pers00040,o5153-w0590
again,She 'woke and Cry'd — Heav'n save my Swain!,oat77-l08095,"And if the Bruit approach again,",oat77-l08105,/eɪn/ | /en/,half-pararhyme,abbaccdddeef<b>g</b>f<b>g</b>fhiihjjkkj,pers00344,oat77-w0530
again,"Why are you angry now, my friend, my swain! ",peh89-l07580,Your own advice I'll give you back again:,peh89-l07585,/eɪn/ | /en/,half-pararhyme,<b>a</b><b>a</b>,pers00324,peh89-w0110
reign," There liv'd in great Esteem a jolly Swain,",sap09-l02415,"When Shepherds flourish'd in Eliza's Reign,",sap09-l02410,/eɪn/ | /eɪn/,full,<b>a</b><b>a</b>,pers00302,sap09-w0050
reign,"Whose Lustre still is Fatal to the Swain,",oat77-l02605,"Ore whom they Reign,",oat77-l02610,/eɪn/ | /eɪn/,full,abab<b>c</b><b>c</b>ac,pers00344,oat77-w0130
pain,"Whose Lustre still is Fatal to the Swain,",oat77-l02605,Or (more to be Lamented) Lives in Pain. ,oat77-l02620,/eɪn/ | /eɪn/,full,abab<b>c</b>ca<b>c</b>,pers00344,oat77-w0130
disdain, That made her delude her fond swain. ,o4987-l10915," That treated his vows with disdain,",o4987-l10905,/eɪn/ | /eɪn/,full,ababc<b>d</b>c<b>d</b>,pers00179,o4987-w0330
complain," The nymph might have favour'd her swain,",o4987-l10985," Like Him, tho' they cannot complain. ",o4987-l10995,/eɪn/ | /eɪn/,full,ababc<b>d</b>c<b>d</b>,pers00179,o4987-w0330
obtain," Or haply thou'lt think of that swain,",o4987-l11070,"May he that my fair shall obtain,",o4987-l11060,/eɪn/ | /eɪn/,full,abab<b>c</b>d<b>c</b>d,pers00179,o4987-w0330
again, While empty Nets deceive the fishing Swain. ,pdi12-l02400," To th'Ocean now in Shoals return again,",pdi12-l02395,/eɪn/ | /en/,half-pararhyme,<b>a</b><b>a</b>,pers00266,pdi12-w0070
again," How you receive my Swain,",pse03-l04600, For he will change again. ,pse03-l04610,/eɪn/ | /en/,half-pararhyme,ababc<b>d</b>c<b>d</b>,pers00272,pse03-w0190
again," Be blest with so Divine, so great a Swain. ",pse03-l11270,"Mourn ye forsaken Worlds, you'l ne're again",pse03-l11265,/eɪn/ | /en/,half-pararhyme,<b>a</b><b>a</b>,pers00272,pse03-w0500
pain,"""A generous, constant swain,",pro75-l04650,"""I pine with ceaseless pain.",pro75-l04660,/eɪn/ | /eɪn/,full,ababc<b>d</b>c<b>d</b>,pers00271,pro75-w0210
vain,"ME the loveliest truest Swain,",o5247-l03265," Often woo's, but woo's in vain;",o5247-l03270,/eɪn/ | /eɪn/,full,<b>a</b><b>a</b>bbcc,pers00295,o5247-w0180
rain," Beat unrelenting on the naked swain,",o4110-l01670," A native blast, which arm'd with hail and rain",o4110-l01665,/eɪn/ | /eɪn/,full,<b>a</b><b>a</b>,pers00155,o4110-w0010
complain,Still have I known thee for a silly swain;,o4110-l01775," Of things past help, what boots it to complain? ",o4110-l01780,/eɪn/ | /eɪn/,full,<b>a</b><b>a</b>,pers00155,o4110-w0010
plain," That fatal year, when JAMIE, hapless swain,",o4110-l01895," In evil hour forsook the peaceful plain,",o4110-l01900,/eɪn/ | /eɪn/,full,<b>a</b><b>a</b>,pers00155,o4110-w0010
chain,"And cruel 'twere a free-born swain,",o5156-l04265,"Who scornful of a tyrant's chain,",o5156-l04275,/eɪn/ | /eɪn/,full,<b>a</b>b<b>a</b>b,pers00035,o5156-w0122
amain," Up looked his faithful Swain,",bjb18-l24705, He lighted down amain. ,bjb18-l24715,/eɪn/ | /eɪn/,full,x<b>a</b>x<b>a</b>,pers00287,bjb18-w0550
plain," The perjur'd nymph, the faithless swain,",o4987-l29605,O banish from this peaceful plain,o4987-l29600,/eɪn/ | /eɪn/,full,<b>a</b><b>a</b>,pers00189,o4987-w0820
plain," There liv'd a poor but honest Swain,",o5125-l09010,"'TWAS on a fair and healthy Plain,",o5125-l09005,/eɪn/ | /eɪn/,full,<b>a</b><b>a</b>,pers00154,o5125-w0250
again," But ye's return and wed a Scottish swain,",pcc86-l03835,"Yes! they may die — and die — and die again,",pcc86-l03830,/eɪn/ | /en/,half-pararhyme,<b>a</b><b>a</b>,pers00323,pcc86-w0310
plain," The perjur'd nymph, the faithless swain,",o5089-l21865,O banish from this peaceful plain,o5089-l21860,/eɪn/ | /eɪn/,full,<b>a</b><b>a</b>,pers00189,o5089-w0450
strain, O Virtue! how happy the swain! ,peh89-l07295, And Daphne was pleas'd with the strain. ,peh89-l07305,/eɪn/ | /eɪn/,full,a<b>b</b>a<b>b</b>,pers00324,peh89-w0090
train,I could lay down my life for the swain,o5155-l39100,"O you that have been of her train,",o5155-l39090,/eɪn/ | /eɪn/,full,<b>a</b>b<b>a</b>bcdcd,pers00035,o5155-w0950
pain,"Ah, dear Idea of my lovely Swain! ",o5247-l04865,"Ah, soft Remembrance of my former Pain! ",o5247-l04870,/eɪn/ | /eɪn/,full,<b>a</b><b>a</b>,pers00295,o5247-w0260
pain,And sighing wish he had been born a swain.,o5156-l22415,"While softer maids confess a pleasing pain,",o5156-l22410,/eɪn/ | /eɪn/,full,<b>a</b><b>a</b>,pers00103,o5156-w0690
plain,"(Proud of his cottage so exults the swain,",o5156-l23765,"Who loves the forest, and admires the plain,)",o5156-l23770,/eɪn/ | /eɪn/,full,<b>a</b><b>a</b>,pers00103,o5156-w0690
plain," Bless'd with the harmless Nymph, and humble Swain,",pse03-l01530," I may Descend upon the blooming Plain,",pse03-l01525,/eɪn/ | /eɪn/,full,<b>a</b><b>a</b>a,pers00272,pse03-w0020
remain," Bless'd with the harmless Nymph, and humble Swain,",pse03-l01530, There let me ever undisturb'd remain. ,pse03-l01535,/eɪn/ | /eɪn/,full,a<b>a</b><b>a</b>,pers00272,pse03-w0020
main,As in some mossy Cave the Fishing Swain,pdi22-l08185," At Leisure sits, and views the wavy Main,",pdi22-l08190,/eɪn/ | /eɪn/,full,<b>a</b><b>a</b>,pers00266,pdi22-w0010
plain, And kindly hover on the slumb'ring Swain. ,pdi22-l12460,"Gay painted Dreams skim o'er the silent Plain,",pdi22-l12455,/eɪn/ | /eɪn/,full,<b>a</b><b>a</b>,pers00266,pdi22-w0010
plain,"The nymph reply'd, ""You first, my swain,",o5155-l37980,"""Confine your sonnets to the plain;",o5155-l37985,/eɪn/ | /eɪn/,full,<b>a</b><b>a</b>bb,pers00035,o5155-w0932
train, A blooming Damsel and a wealthy Swain;,o5125-l15485,"Now entred, follow'd by a splendid Train,",o5125-l15480,/eɪn/ | /eɪn/,full,<b>a</b><b>a</b>,pers00154,o5125-w0400
plain," Or walk the Forest with her darling Swain,",o5125-l02510," When-e'er I saw Aminda cross the Plain,",o5125-l02505,/eɪn/ | /eɪn/,full,<b>a</b><b>a</b>,pers00154,o5125-w0090
again," The downcast look ne'er fixes on the swain,",pye85-l06295," They dread his eye, retire, and gaze again. ",pye85-l06300,/eɪn/ | /en/,half-pararhyme,<b>a</b><b>a</b>,pers00256,pye85-w0170
gain,The heart of ev'ry simple swain;,n12jt-l02250,She spread her charms and wish'd to gain,n12jt-l02245,/eɪn/ | /eɪn/,full,<b>a</b><b>a</b>,pers00356,n12jt-w0010
pain,"COme Coridon, Sit by me gentle Swain;",oat77-l09390,"Thy Cheek is pale: Speak Shepheard, where's thy Pain?",oat77-l09395,/eɪn/ | /eɪn/,full,<b>a</b><b>a</b>,pers00344,oat77-w0670
distain," His rivals menacing, awak'd the swain;",o4985-l18305, And ruddy streaks the horizon distain. ,o4985-l18315,/eɪn/ | /eɪn/,full,a<b>b</b>a<b>b</b>,pers00217,o4985-w0280
strain, Ye learn'd of Avon's tuneful swain;,o5280-l03140," O chaunt again that Doric strain,",o5280-l03135,/eɪn/ | /eɪn/,full,<b>a</b><b>a</b>,pers00277,o5280-w0210
gain,"Behold the Cot! where thrives th' industrious swain,",pcr18-l08880," Source of his pride, his pleasure, and his gain;",pcr18-l08885,/eɪn/ | /eɪn/,full,<b>a</b><b>a</b>,pers00275,pcr18-w0040
refrain,Each yielding maid and each presuming swain! ,pcr18-l13830," Ah! fly temptation, youth; refrain! refrain! ",pcr18-l13825,/eɪn/ | /eɪn/,full,<b>a</b><b>a</b>,pers00275,pcr18-w0040
disdain, And prudent matrons praised the frugal swain;,pcr18-l14630," Till our chaste nymphs no longer felt disdain,",pcr18-l14625,/eɪn/ | /eɪn/,full,<b>a</b><b>a</b>,pers00275,pcr18-w0040
pain," ""To be that pillow which some surly swain",pcr18-l15460,""" May treat with scorn and agonise with pain? ",pcr18-l15465,/eɪn/ | /eɪn/,full,<b>a</b><b>a</b>,pers00275,pcr18-w0040
complain,"In times severe, when many a sturdy swain",pcr18-l18060," Felt it his pride, his comfort, to complain;",pcr18-l18065,/eɪn/ | /eɪn/,full,<b>a</b><b>a</b>,pers00275,pcr18-w0040
strain," (And he could do it, sure if any Swain.) ",pse03-l09170," Had he addrest but in thy melting Strain,",pse03-l09165,/eɪn/ | /eɪn/,full,<b>a</b><b>a</b>,pers00272,pse03-w0420
vain,Shall come sweet suppliants for their fav'rite swain.,o5153-l00860,"The tuneful Nine, who never sue in vain,",o5153-l00855,/eɪn/ | /eɪn/,full,<b>a</b><b>a</b>,pers00030,o5153-w0010
pain,"So charming was the scene, awhile the swain",o5153-l01085,"Beheld delighted, and forgot his pain;",o5153-l01090,/eɪn/ | /eɪn/,full,<b>a</b><b>a</b>,pers00030,o5153-w0010
plain, And the shrill pipe employ'd the leisure swain;,bsb18-l09520," The flocks and herds now low'd along the plain,",bsb18-l09515,/eɪn/ | /eɪn/,full,<b>a</b><b>a</b>,pers00280,bsb18-w0090
plain," Here also dwelt the simple-minded swain,",o4985-l13625, While Industry sat weeping on the plain! ,o4985-l13635,/eɪn/ | /eɪn/,full,a<b>b</b>a<b>b</b>,pers00176,o4985-w0220
vain,IT so befell: a silly Swain,o5354-l01045,Had sought his Heifer long in vain;,o5354-l01050,/eɪn/ | /eɪn/,full,<b>a</b><b>a</b>,pers00339,o5354-w0020
pain,"She soon gave her hand to the swain,",o4986-l31490," He had met a reward for his pain,",o4986-l31500,/eɪn/ | /eɪn/,full,abab<b>c</b>d<b>c</b>d,pers00199,o4986-w0740
plain," Ten thousand Shades, delightful to the Swain. ",o4741-l16445," He said; ten thousand Trees adorn'd the Plain,",o4741-l16440,/eɪn/ | /eɪn/,full,<b>a</b><b>a</b>,pers00091,o4741-w0360
again," Sad gloomy Thoughts into the perjur'd Swain,",pdi12-l03665," 'Till he relenting sigh, and turn to love again. ",pdi12-l03670,/eɪn/ | /en/,half-pararhyme,<b>a</b><b>a</b>,pers00266,pdi12-w0110
plain,"THYRSIS, a young and am'rous Swain,",o4106-l01560," Saw two, the Beauties of the Plain;",o4106-l01565,/eɪn/ | /eɪn/,full,<b>a</b><b>a</b>bccb,pers00294,o4106-w0030
vain," Tho' oft the thoughtless Nymph, and Swain,",pba35-l13420," That su'd me thus, have su'd in vain. ",pba35-l13425,/eɪn/ | /eɪn/,full,<b>a</b><b>a</b>,pers00261,pba35-w1000
pain,"Poor Celia next, who, for some fickle swain,",bjl92-l11990," Spends days in sorrow, and whole nights in pain:",bjl92-l11995,/eɪn/ | /eɪn/,full,<b>a</b><b>a</b>,pers00338,bjl92-w0490
vain,You'll never find so true a swain;,o5153-l35365,"But women full as false as vain,",o5153-l35370,/eɪn/ | /eɪn/,full,aab<b>c</b><b>c</b>b,pers00147,o5153-w0690
vain,"Thy Aid obtain'd, even I, the humblest Swain,",o4090-l00115,Striving to rise in vain:,o4090-l00100,/eɪn/ | /eɪn/,full,aa<b>b</b>cc<b>b</b>b,pers00339,o4090-w0010
plain,"Thy Aid obtain'd, even I, the humblest Swain,",o4090-l00115,"May climb Pierian Heights, and quit the lowly Plain.",o4090-l00120,/eɪn/ | /eɪn/,full,aabcc<b>b</b><b>b</b>,pers00339,o4090-w0010
taken,Nor join the dance with such a swain,bed98-l17710,"But ah! those gifts with scorn were ta'en,",bed98-l17700,/eɪn/ | /eɪn/,full,<b>a</b>b<b>a</b>b,pers00340,bed98-w0520
vain,Shall not behold a happier swain;,bed98-l18145,For whom I fear'd to sigh in vain.,bed98-l18155,/eɪn/ | /eɪn/,full,a<b>b</b>a<b>b</b>,pers00340,bed98-w0520
vain,"""Scorns the sheep, can love the swain.",o5156-l01610,"""Think not she who, light and vain,",o5156-l01605,/eɪn/ | /eɪn/,full,aa<b>b</b><b>b</b>,pers00035,o5156-w0020
refrain, Nor now imbrace the lifeless lovely Swain. ,pse03-l04785,"My Kindness to his Picture I refrain,",pse03-l04780,/eɪn/ | /eɪn/,full,<b>a</b><b>a</b>,pers00272,pse03-w0200
pain, Not distant far they spied a swain;,prc90-l00920," They felt a sort of pleasing pain,",prc90-l00925,/eɪn/ | /eɪn/,full,aab<b>c</b><b>c</b>b,pers00328,prc90-w0060
again, When absent is the swain? ,prc90-l01170, Nor trust the hills again,prc90-l01155,/eɪn/ | /en/,half-pararhyme,aa<b>b</b>cc<b>b</b>,pers00328,prc90-w0060
entertain,"WHilst by his grazing Flock a gentle Swain,",oat77-l10080,"His Vacant Hours to entertain,",oat77-l10085,/eɪn/ | /eɪn/,full,<b>a</b><b>a</b>bcbcdeedffggghihijjkllk,pers00344,oat77-w0690
plain,(By your Indulgence now a peacefull Swain),oat77-l10160,The tendrest Nymph of the Arcadian Plain.,oat77-l10170,/eɪn/ | /eɪn/,full,aabcbcdeedffgggh<b>i</b>h<b>i</b>jjkllk,pers00344,oat77-w0690
plain,"FAIRFA' the honest rustic swain,",bjl92-l10080, The pride o' a' our Scottish plain;,bjl92-l10085,/eɪn/ | /eɪn/,full,<b>a</b><b>a</b>abab,pers00338,bjl92-w0430
strain,"FAIRFA' the honest rustic swain,",bjl92-l10080," Thou gi'es us joy to hear thy strain,",bjl92-l10090,/eɪn/ | /eɪn/,full,<b>a</b>a<b>a</b>bab,pers00338,bjl92-w0430
again,"FAIRFA' the honest rustic swain,",bjl92-l10080," Old Ramsay's shade, reviv'd again,",bjl92-l10100,/eɪn/ | /en/,half-pararhyme,<b>a</b>aab<b>a</b>b,pers00338,bjl92-w0430
rhyme,"When COLIN CLOUT, Eliza's shepherd swain,",o5154-l36045,He ceas'd his homely rhyme.,o5154-l36040,/eɪn/ | /aɪm/,half-pararhyme,<b>a</b><b>a</b>abxb,pers00051,o5154-w0670
plain,"When COLIN CLOUT, Eliza's shepherd swain,",o5154-l36045,"The blithest lad that ever pip'd on plain,",o5154-l36050,/eɪn/ | /eɪn/,full,a<b>a</b><b>a</b>bxb,pers00051,o5154-w0670
train,"And THYRSIS hight by Dryad, Fawn, or Swain,",o5154-l36270,Whene'er he mingled with the sylvan train;,o5154-l36275,/eɪn/ | /eɪn/,full,a<b>b</b><b>b</b>aacxcdd,pers00051,o5154-w0670
strain,"""Cease, friendly swain;",o5154-l36565,"""When fancy rul'd; when trill'd each trivial strain,",o5154-l36595,/eɪn/ | /eɪn/,full,<b>a</b>xbbcc<b>a</b>addeeff,pers00051,o5154-w0670
vain,"""Cease, friendly swain;",o5154-l36565,"""But idly sweet, and elegantly vain.",o5154-l36600,/eɪn/ | /eɪn/,full,<b>a</b>xbbcca<b>a</b>ddeeff,pers00051,o5154-w0670
strain,"They ceas'd, and with them ceas'd the shepherd swain.",o5154-l37060,"And now down-dropt the larks, and ceas'd their strain:",o5154-l37055,/eɪn/ | /eɪn/,full,ababab<b>c</b><b>c</b>,pers00051,o5154-w0670
plain, Breeds the Whig farmer and the Tory swain;,pcr18-l07155," The village, too, the peaceful, pleasant plain,",pcr18-l07150,/eɪn/ | /eɪn/,full,<b>a</b><b>a</b>,pers00275,pcr18-w0030
main,"Eune a wanton Nymph, and Triton Swain",pdi12-l03920, Agreed a while to leave the boundless Main;,pdi12-l03925,/eɪn/ | /eɪn/,full,<b>a</b><b>a</b>,pers00266,pdi12-w0120
again, Was surely the voice of my swain;,prc90-l03275, I never shall hear it again. ,prc90-l03285,/eɪn/ | /en/,half-pararhyme,a<b>b</b>a<b>b</b>,pers00328,prc90-w0200
pain," And pursue, thro' her Death, a Revenge on the Swain. ",o4784-l08720," Stood resolving to banish all Sense of the Pain,",o4784-l08715,/eɪn/ | /eɪn/,full,<b>a</b><b>a</b>,pers00268,o4784-w0190
plain, A Name much valu'd by each honest Swain:,o5125-l17480," This Hind was call'd Asophus of the Plain,",o5125-l17475,/eɪn/ | /eɪn/,full,<b>a</b><b>a</b>,pers00154,o5125-w0470
train," So, let my Steps pursue that Swain",o4784-l11825, The humblest of th' inspired Train;,o4784-l11830,/eɪn/ | /eɪn/,full,<b>a</b><b>a</b>,pers00268,o4784-w0360
chain, And lures the youthful swain:,bjl92-l00580, Thou decorates the chain;,bjl92-l00570,/eɪn/ | /eɪn/,full,aabccbd<b>e</b>d<b>e</b>xfxf,pers00338,bjl92-w0030
train,"Exclude the taste of every swain,",o5156-l00255,"Nor yet ye learn'd, not yet ye courtly train,",o5156-l00240,/eɪn/ | /eɪn/,full,<b>a</b>bb<b>a</b>accdd,pers00035,o5156-w0010
disdain,"Exclude the taste of every swain,",o5156-l00255,Nor our untutor'd sense disdain:,o5156-l00260,/eɪn/ | /eɪn/,full,abb<b>a</b><b>a</b>ccdd,pers00035,o5156-w0010
plain,"While Charity at eve surveys the swain,",o5156-l00740,Speed whistling home across the plain;,o5156-l00755,/eɪn/ | /eɪn/,full,abab<b>c</b>dd<b>c</b>eee,pers00035,o5156-w0010
train,"The virtues of the sage, and swain;",o5154-l00265,"Descending angels bless thy train,",o5154-l00260,/eɪn/ | /eɪn/,full,<b>a</b><b>a</b>,pers00020,o5154-w0020
pain, One glance of my rustic young swain,bjl92-l01805,My couch but augmented my pain;,bjl92-l01795,/eɪn/ | /eɪn/,full,<b>a</b>b<b>a</b>b,pers00338,bjl92-w0090
plain, Her sire an aged swain. ,o3462-l00195, On Aran's pleasant plain;,o3462-l00185,/eɪn/ | /eɪn/,full,a<b>b</b>a<b>b</b>,pers00299,o3462-w0010
plain," ""With Albert's heir, a fancied swain,",o3462-l02130," ""Alas! perhaps on Aran's plain",o3462-l02120,/eɪn/ | /eɪn/,full,<b>a</b>b<b>a</b>b,pers00299,o3462-w0010
disdain," You still may charm some humble swain,",prc90-l00665,"O Look not, lady, with disdain! ",prc90-l00655,/eɪn/ | /eɪn/,full,<b>a</b>b<b>a</b>b,pers00328,prc90-w0050
plain,"HAPPY thrice the harmless swain,",o4986-l30070," Tenant of the peaceful plain,",o4986-l30075,/eɪn/ | /eɪn/,full,<b>a</b><b>a</b>,pers00198,o4986-w0730
chain, Nor look disdainful on the prostrate Swain;,o4198-l00935, And act as worthy for to wear your chain. ,o4198-l00945,/eɪn/ | /eɪn/,full,a<b>b</b>a<b>b</b>,pers00288,o4198-w0090
vain," That love shall blind, when once he fires the swain;",o5089-l00750,Self-flattering sex! your hearts believe in vain,o5089-l00745,/eɪn/ | /eɪn/,full,<b>a</b><b>a</b>,pers00048,o5089-w0020
plain,"Should fate deprive me of my darling swain,",bjl92-l03360," Some braver youth perhaps may grace the plain,",bjl92-l03365,/eɪn/ | /eɪn/,full,<b>a</b><b>a</b>,pers00338,bjl92-w0120
main," My thoughts to the loveliest swain,",bjl92-l03590,"When Sol, from the watery main,",bjl92-l03580,/eɪn/ | /eɪn/,full,<b>a</b>b<b>a</b>b,pers00338,bjl92-w0120
vain,"There oft with thought sublime we bless the swain,",o5089-l14085," Nor we inspire, nor he attends in vain. ",o5089-l14090,/eɪn/ | /eɪn/,full,<b>a</b><b>a</b>,pers00187,o5089-w0190
strain," As did thy notes, O darling swain! ",bjl92-l09280,Not Philomel's delightful strain,bjl92-l09270,/eɪn/ | /eɪn/,full,<b>a</b>b<b>a</b>b,pers00338,bjl92-w0370
vain, To captivate your charming swain;,bjl92-l09340,"O Sylvia, all your fears are vain;",bjl92-l09330,/eɪn/ | /eɪn/,full,<b>a</b>b<b>a</b>b,pers00338,bjl92-w0370
plain," O'erwhelm the Harvest of the pining Swain,",pba35-l10580," And curse with Floods, which should have bless'd the Plain. ",pba35-l10585,/eɪn/ | /eɪn/,full,<b>a</b><b>a</b>,pers00087,pba35-w0860
pain," Slight he the nymph, or she the swain,",pjo50-l12515, Yet there's a pleasure in the pain. ,pjo50-l12520,/eɪn/ | /eɪn/,full,<b>a</b><b>a</b>,pers00273,pjo50-w0490
disdain, With eye up-rais'd the simple swain,o4984-l14785," Dreads not the tortures of disdain,",o4984-l14790,/eɪn/ | /eɪn/,full,<b>a</b><b>a</b>,pers00227,o4984-w0220
vain, Said the conscious noble swain;,prc90-l02615, Since my love has prov'd in vain. ,prc90-l02625,/eɪn/ | /eɪn/,full,x<b>a</b>x<b>a</b>,pers00328,prc90-w0140
vain," Unjustly jealous of her faithful Swain,",pmc36-l01535, Whilst he expects the kind Return in vain. ,pmc36-l01540,/eɪn/ | /eɪn/,full,<b>a</b><b>a</b>,pers00325,pmc36-w0010
plain," Thus the sad Youth complain'd, once happy Swain",ppo24-l03960, Now the most abject Shepherd of the Plain:,ppo24-l03965,/eɪn/ | /eɪn/,full,<b>a</b><b>a</b>,pers00257,ppo24-w0030
grain, And secret Transports touch'd the conscious Swain. ,o3704-l00465," The Forests wonder'd at th' unusual Grain,",o3704-l00460,/eɪn/ | /eɪn/,full,<b>a</b><b>a</b>,pers00012,o3704-w0010
grain, Safe on my Shore each unmolested Swain,o3704-l01850," Shall tend the Flocks, or reap the bearded Grain;",o3704-l01855,/eɪn/ | /eɪn/,full,<b>a</b><b>a</b>,pers00012,o3704-w0010
plain," He laid his crook aside, forgot the swain,",cer72-l03110, And bid adieu to Ida's flow'ry plain. ,cer72-l03115,/eɪn/ | /eɪn/,full,<b>a</b><b>a</b>,pers00265,cer72-w0010
remain," While, destitute of hope, the careful swain",cer72-l09705," Five years of cruel famine yet remain,",cer72-l09700,/eɪn/ | /eɪn/,full,<b>a</b><b>a</b>,pers00265,cer72-w0010
pain, And goes to seek a richer swain. ,bjl92-l02685,'Tis only to increase my pain. ,bjl92-l02675,/eɪn/ | /eɪn/,full,a<b>b</b>a<b>b</b>,pers00338,bjl92-w0110
plain,"Then haste Calista, save the swain,",bjl92-l02750," Add fresher beauties to the plain,",bjl92-l02760,/eɪn/ | /eɪn/,full,<b>a</b>b<b>a</b>b,pers00338,bjl92-w0110
train,And part without regret from each late-favour'd swain.,o5153-l09915,"And well accepted of that female train,",o5153-l09900,/eɪn/ | /eɪn/,full,ababb<b>c</b>bc<b>c</b>,pers00024,o5153-w0310
disdain,And part without regret from each late-favour'd swain.,o5153-l09915,"Each proffer'd love receive without disdain,",o5153-l09910,/eɪn/ | /eɪn/,full,ababbcb<b>c</b><b>c</b>,pers00024,o5153-w0310
plain,Each damsel fires with love her glowing swain;,o5153-l09935,To join their hands upon the flow'ry plain;,o5153-l09925,/eɪn/ | /eɪn/,full,a<b>b</b>a<b>b</b>bcbcc,pers00024,o5153-w0310
pain,Each damsel fires with love her glowing swain;,o5153-l09935,"Till all-impatient of the tickling pain,",o5153-l09940,/eɪn/ | /eɪn/,full,aba<b>b</b><b>b</b>cbcc,pers00024,o5153-w0310
twain,Each damsel fires with love her glowing swain;,o5153-l09935,"And ending so their daunce, each tender twain",o5153-l09950,/eɪn/ | /eɪn/,full,aba<b>b</b>bc<b>b</b>cc,pers00024,o5153-w0310
chain,And homage did require from each poor lowly swain.,o5153-l10770,Of lords and princes; saw the magick chain,o5153-l10755,/eɪn/ | /eɪn/,full,ababb<b>c</b>bc<b>c</b>,pers00024,o5153-w0310
pain,And homage did require from each poor lowly swain.,o5153-l10770,"The whiles with count'naunce glad he hid his pain,",o5153-l10765,/eɪn/ | /eɪn/,full,ababbcb<b>c</b><b>c</b>,pers00024,o5153-w0310
pain, And hard is Want to the unpractis'd Swain:,sap09-l00950,"'Tis hard to bear the pinching Cold with Pain,",sap09-l00945,/eɪn/ | /eɪn/,full,<b>a</b><b>a</b>,pers00302,sap09-w0020
vain,"Then thus the Boy reply'd — Fond Swain,",oat77-l02675,Vex not your self and me in Vain:,oat77-l02680,/eɪn/ | /eɪn/,full,<b>a</b><b>a</b>,pers00344,oat77-w0140
can,Commiserate a suff'ring Swain;,oat77-l02720,"She's Mortal, therefore never can",oat77-l02715,/eɪn/ | /æn/,half-pararhyme,<b>a</b><b>a</b>,pers00344,oat77-w0140
plain, Thy Lucy was once to her swain! ,o4987-l11205, And eyes that gave light to the plain. ,o4987-l11215,/eɪn/ | /eɪn/,full,a<b>b</b>a<b>b</b>cdcd,pers00141,o4987-w0340
plain, Whose Bounty's known to ev'ry worthy Swain,o4741-l04710,"CELIA's the Mistress of the flow'ry Plain,",o4741-l04705,/eɪn/ | /eɪn/,full,<b>a</b><b>a</b>,pers00091,o4741-w0060
plain,"Daphne, you know what time the lovely Swain,",pse03-l12930," With his Blest Flocks, has grac'd our happy Plain:",pse03-l12935,/eɪn/ | /eɪn/,full,<b>a</b><b>a</b>,pers00272,pse03-w0570
complain, And be my Fav'rite Swain. ,peh89-l08105, I mean not to complain:,peh89-l08090,/eɪn/ | /eɪn/,full,aa<b>b</b>cc<b>b</b>,pers00324,peh89-w0150
plain,"I ne'er can love the silly swain,",peh89-l08110," That quits the village and the plain,",peh89-l08115,/eɪn/ | /eɪn/,full,<b>a</b><b>a</b>bccb,pers00324,peh89-w0150
vain, For he's my Fav'rite Swain. ,peh89-l08345, And all my search is vain:,peh89-l08330,/eɪn/ | /eɪn/,full,aa<b>b</b>cc<b>b</b>,pers00324,peh89-w0150
plain,'Our Voices equal'd by a Libyan Swain;,o5125-l14660," 'Look down and see on yonder sultry Plain,",o5125-l14655,/eɪn/ | /eɪn/,full,<b>a</b><b>a</b>,pers00154,o5125-w0390
plain, 'But if fair Delia to the Libyan Swain,o5125-l14925,"'Resigns the Freedom of her sacred Plain,",o5125-l14930,/eɪn/ | /eɪn/,full,<b>a</b><b>a</b>,pers00154,o5125-w0390
plain," Approach'd, the Covert of the slaughter'd Swain",o5125-l15090,"At length a Crew, the basest of the Plain,",o5125-l15085,/eɪn/ | /eɪn/,full,<b>a</b><b>a</b>,pers00154,o5125-w0390
grain," Where Property secures the conscious swain,",o4984-l26600," And guards, while Plenty gives, the golden grain:",o4984-l26605,/eɪn/ | /eɪn/,full,<b>a</b><b>a</b>,pers00053,o4984-w0470
plain, Of such a swain. ,bjl92-l12665, On the cold plain;,bjl92-l12655,/eɪn/ | /eɪn/,full,aaa<b>b</b>a<b>b</b>,pers00338,bjl92-w0520
profane," Of some fond parent, or some love-sick swain. ",bsb18-l23280," Allur'd by hunger to the deed profane,",bsb18-l23270,/eɪn/ | /eɪn/,full,a<b>b</b>a<b>b</b>,pers00280,bsb18-w0330
pain," And sigh for a swain,",o5400-l01785," But laughs at our pain,",o5400-l01795,/eɪn/ | /eɪn/,full,a<b>b</b>a<b>b</b>cdedecc,pers00345,o5400-w0010
complain," ""My cruel angel!"" — cries the love-sick swain. ",pjo50-l02500,Of injur'd merit some aloud complain;,pjo50-l02495,/eɪn/ | /eɪn/,full,<b>a</b><b>a</b>,pers00273,pjo50-w0030
gain,"Remote from citys liv'd a Swain,",ojg27-l00005," Unvex'd with all the cares of gain,",ojg27-l00010,/eɪn/ | /eɪn/,full,<b>a</b><b>a</b>,pers00303,ojg27-w0010
strain,How Varus and the Mantuan swain,o5155-l21190,"YOU'VE read, Sir, in poetic strain,",o5155-l21185,/eɪn/ | /eɪn/,full,<b>a</b><b>a</b>,pers00127,o5155-w0290
vain, But now the conquer'd humble Swain,o5125-l21995,"Bellair, the witty and the vain,",o5125-l21985,/eɪn/ | /eɪn/,full,<b>a</b>b<b>a</b>b,pers00154,o5125-w0540
pain,"Gay meads and springing flowers, best please the gentle swain.",tgaen-l00060,"But happy fields and mansions free from pain,",tgaen-l00055,/eɪn/ | /eɪn/,full,<b>a</b><b>a</b>,pers00039,tgaen-wlojd
complain, To haunt the faithless swain. ,o5089-l09370, When injur'd ghosts complain;,o5089-l09360,/eɪn/ | /eɪn/,full,x<b>a</b>x<b>a</b>,pers00180,o5089-w0110
again,"Animate some chosen swain,",o5154-l13490,"O queen of numbers, once again",o5154-l13485,/eɪn/ | /en/,half-pararhyme,<b>a</b><b>a</b>,pers00049,o5154-w0180
plain, And thou the least and meanest swain,o3555-l04965," That folds his flock upon the plain,",o3555-l04970,/eɪn/ | /eɪn/,full,aab<b>c</b><b>c</b>b,pers00149,o3555-w0130
plain, She counts him the lovelier swain;,bjl92-l03850,They hand in hand trip o'er the plain;,bjl92-l03840,/eɪn/ | /eɪn/,full,<b>a</b>b<b>a</b>b,pers00338,bjl92-w0130
same,Yet you fondly fancy that yours is a swain,bsb18-l30510, Whom softness and sweetness will still keep the same; —,bsb18-l30515,/eɪn/ | /eɪm/,half-vowelrhyme,aabbcc<b>d</b><b>d</b>,pers00280,bsb18-w0720
obtain,That fir'd each kneeling swain!,o5155-l16790,Which man could ne'er obtain!,o5155-l16780,/eɪn/ | /eɪn/,full,a<b>b</b>a<b>b</b>,pers00033,o5155-w0210
pain," He look'd so like that handsome swain,",prc90-l04515,"My bosom thrill'd with pleasing pain,",prc90-l04510,/eɪn/ | /eɪn/,full,<b>a</b><b>a</b>bccb,pers00328,prc90-w0300
grain," Thou, that cheer'st the industrious swain",o5089-l13765, While he strows the pregnant grain;,o5089-l13770,/eɪn/ | /eɪn/,full,<b>a</b><b>a</b>,pers00038,o5089-w0180
plain,"Think, Glaucus, you were once a fishing Swain,",pdi12-l00240, Till urg'd by potent Herbs you left the Plain;,pdi12-l00245,/eɪn/ | /eɪn/,full,<b>a</b><b>a</b>,pers00266,pdi12-w0020
rain," Molest the Trees, nor incommode the Swain;",pdi12-l00625, His numerous Herds; where neither Storms nor Rain,pdi12-l00620,/eɪn/ | /eɪn/,full,<b>a</b><b>a</b>,pers00266,pdi12-w0020
slain,The God himself is grown a cottage swain. ,o4987-l11555,Where by his darts the crested Python slain? ,o4987-l11545,/eɪn/ | /eɪn/,full,a<b>b</b>a<b>b</b>,pers00102,o4987-w0360
plain,"Then take it on your Peril Swain,",oat77-l02885,(Since you compel me to be plain),oat77-l02890,/eɪn/ | /eɪn/,full,<b>a</b><b>a</b>,pers00344,oat77-w0160
pain," I'd urge her to favour some happier swain,",bao18-l08235," But could I recall her to life by my pain,",bao18-l08230,/eɪn/ | /eɪn/,full,aa<b>b</b><b>b</b>b,pers00279,bao18-w0370
again," I'd urge her to favour some happier swain,",bao18-l08235, And wish no reward but to see her again. ,bao18-l08240,/eɪn/ | /en/,half-pararhyme,aab<b>b</b><b>b</b>,pers00279,bao18-w0370
remain,A POPE of ev'ry swain.,o5153-l06585,The Muses here remain;,o5153-l06575,/eɪn/ | /eɪn/,full,a<b>b</b>a<b>b</b>,pers00030,o5153-w0160
pain,Each moment devote to my swain.,pro75-l00190,My bosom is destin'd to pain.,pro75-l00200,/eɪn/ | /eɪn/,full,ababc<b>d</b>c<b>d</b>,pers00271,pro75-w0010
pain,"That her song would enchant the dear swain,",pro75-l00350,For his smiles were the cause of my pain.,pro75-l00360,/eɪn/ | /eɪn/,full,ababc<b>d</b>c<b>d</b>,pers00271,pro75-w0010
disdain, And Scorn the Love of such an Humble Swain,ppo24-l03030," Reject my Passion with a Proud Disdain,",ppo24-l03025,/eɪn/ | /eɪn/,full,<b>a</b><b>a</b>,pers00257,ppo24-w0020
gain,"Love's an immortal God, and I a Swain:",ppo24-l03110, For what could Love by my Destruction gain? ,ppo24-l03105,/eɪn/ | /eɪn/,full,<b>a</b><b>a</b>,pers00257,ppo24-w0020
gain,"Then press no more, there's not another Swain",ppo24-l03755," On Earth, but Strephon can bright Delia gain. ",ppo24-l03760,/eɪn/ | /eɪn/,full,<b>a</b><b>a</b>,pers00257,ppo24-w0020
gain," Philander prov'd the dear distinguish'd swain,",bjl92-l05480,Of all the sprightly youths that sought to gain,bjl92-l05470,/eɪn/ | /eɪn/,full,<b>a</b>b<b>a</b>b,pers00338,bjl92-w0190
strain," A nymph his mistress, and himself a swain;",pcr18-l03670," The happy youth assumes the common strain,",pcr18-l03665,/eɪn/ | /eɪn/,full,<b>a</b><b>a</b>,pers00275,pcr18-w0020
main, Draws from his plough th' intoxicated swain;,pcr18-l03940,Here too the lawless merchant of the main,pcr18-l03935,/eɪn/ | /eɪn/,full,<b>a</b><b>a</b>,pers00275,pcr18-w0020
began," Unseen I stood, while thus a fishing Swain",pdi12-l04275," Half-frozen said, and to his Mate began. ",pdi12-l04280,/eɪn/ | /æn/,half-pararhyme,<b>a</b><b>a</b>,pers00266,pdi12-w0130
plain,"O! might I live content a Shepherd Swain,",pdi12-l04400," And sit on grassy Vales, and view the circling Plain:",pdi12-l04405,/eɪn/ | /eɪn/,full,<b>a</b><b>a</b>,pers00266,pdi12-w0130
mean," The Gods despise the proud, and love the humble Swain. ",pdi12-l04785,"Ambition suits not him, whose Birth is mean;",pdi12-l04780,/eɪn/ | /iːn/,half-pararhyme,<b>a</b><b>a</b>,pers00266,pdi12-w0130
vain," That Love shall blind, when once he fires the swain;",o4985-l00180,Self-flattering sex! your hearts believe in vain,o4985-l00175,/eɪn/ | /eɪn/,full,<b>a</b><b>a</b>,pers00048,o4985-w0010
plain," And cheer thy spirit, happy swain! ",bmb97-l03375," Bounding swiftly o'er the plain,",bmb97-l03365,/eɪn/ | /eɪn/,full,a<b>b</b>a<b>b</b>cdcd,pers00315,bmb97-w0070
plain, Accept the tribute of a humble swain;,bjl92-l09975,"HAIL sweetest charmer of the rural plain,",bjl92-l09970,/eɪn/ | /eɪn/,full,<b>a</b><b>a</b>,pers00338,bjl92-w0410
again," The winds less deaf, than my ungreatful Swain,",oar96-l07995," Listen and breath o're all my sighs again,",oar96-l08000,/eɪn/ | /en/,half-pararhyme,<b>a</b><b>a</b>,pers00265,oar96-w0380
rain,"As branching Oaks protect the rural Swain,",o4741-l13230," Secure from Summer Heat, and Winter Rain;",o4741-l13235,/eɪn/ | /eɪn/,full,<b>a</b><b>a</b>,pers00091,o4741-w0300
plain, In gloomy sadness sits each pensive swain;,o5089-l29700,"As when long rains have drench'd the genial plain,",o5089-l29695,/eɪn/ | /eɪn/,full,<b>a</b><b>a</b>,pers00033,o5089-w0650
vain,"Young Damon gay, a faithful-hearted swain,",peh89-l06320," Long sought fair Daphne's love, but sought in vain;",peh89-l06325,/eɪn/ | /eɪn/,full,<b>a</b><b>a</b>,pers00324,peh89-w0060
main," Commix'd the Chief, the Patriot, and the Swain,",o3818-l04605, Where his long Alleys peep'd upon the Main. ,o3818-l04595,/eɪn/ | /eɪn/,full,a<b>b</b>a<b>b</b>bcbcc,pers00020,o3818-w0010
train," Commix'd the Chief, the Patriot, and the Swain,",o3818-l04605, The happy Monarch of his Sylvan Train! ,o3818-l04610,/eɪn/ | /eɪn/,full,aba<b>b</b><b>b</b>cbcc,pers00020,o3818-w0010
domain," Commix'd the Chief, the Patriot, and the Swain,",o3818-l04605," He walk'd his Rounds, and chear'd his blest Domain;",o3818-l04620,/eɪn/ | /eɪn/,full,aba<b>b</b>bc<b>b</b>cc,pers00020,o3818-w0010
again," Piteous transfer it to the mournful Swain,",pmp18-l03860," Who loving much, who not belov'd again,",pmp18-l03865,/eɪn/ | /en/,half-pararhyme,<b>a</b><b>a</b>,pers00314,pmp18-w0160
plain, To soothe the grief of some forsaken swain:,o4987-l07120," Soft cypress rises on the Paphian plain,",o4987-l07115,/eɪn/ | /eɪn/,full,<b>a</b><b>a</b>,pers00235,o4987-w0240
plain,Why dost thou fear it? Not a truer Swain,oar96-l07230, E're drove his Sheep to this frequented Plain. ,oar96-l07235,/eɪn/ | /eɪn/,full,<b>a</b><b>a</b>,pers00265,oar96-w0310
disdain, I fell a Victim to the smiling Swain! ,oar96-l07295,"When spight of all my Natural Disdain,",oar96-l07290,/eɪn/ | /eɪn/,full,<b>a</b><b>a</b>,pers00265,oar96-w0310
plain,No more alas! — no more the tuneful Swain,o5125-l01655, Shall with soft Numbers charm the list'ning Plain. ,o5125-l01660,/eɪn/ | /eɪn/,full,<b>a</b><b>a</b>,pers00154,o5125-w0060
vain,"Calls me false ungrateful swain,",o5157-l36220,"Kitty tunes her pipe in vain,",o5157-l36210,/eɪn/ | /eɪn/,full,<b>a</b>b<b>a</b>b,pers00071,o5157-w0790
vain,All had been right: the Phrygian swain,o5157-l20030,"Had sigh'd for her, but sigh'd in vain;",o5157-l20035,/eɪn/ | /eɪn/,full,<b>a</b><b>a</b>,pers00114,o5157-w0300
reign, Had enamour'd a right-judging Swain;,pmc36-l04265, And still is unrivall'd her Reign. ,pmc36-l04275,/eɪn/ | /eɪn/,full,a<b>b</b>a<b>b</b>cdcd,pers00325,pmc36-w0120
plain," Where health and plenty cheer'd the labouring swain,",o5346-l02205,"SWEET AUBURN, lov'liest village of the plain,",o5346-l02200,/eɪn/ | /eɪn/,full,<b>a</b><b>a</b>,pers00174,o5346-w0020
train," Usurp the land, and dispossess the swain;",o5346-l02515,But times are alter'd; trade's unfeeling train,o5346-l02510,/eɪn/ | /eɪn/,full,<b>a</b><b>a</b>,pers00174,o5346-w0020
disdain,"No Arts I use to vex my faithful Swain,",o5247-l01155," Nor feign a Passion, nor affect Disdain:",o5247-l01160,/eɪn/ | /eɪn/,full,<b>a</b><b>a</b>,pers00295,o5247-w0050
chain," Till Delia found an active swain,",bjl92-l06520,"Lull'd in her soft, alluring chain,",bjl92-l06510,/eɪn/ | /eɪn/,full,<b>a</b>b<b>a</b>b,pers00338,bjl92-w0240
grain,No pow'r can ravish from th' industrious swain?,o5153-l03595,"When shall I see the fields, whose plenteous grain",o5153-l03590,/eɪn/ | /eɪn/,full,<b>a</b><b>a</b>,pers00030,o5153-w0040
plain," Soft sung the praise of Strephon, handsome swain,",prc90-l04215," Beside a rill that murmurs through the plain,",prc90-l04205,/eɪn/ | /eɪn/,full,a<b>b</b>a<b>b</b>b,pers00328,prc90-w0280
again," Soft sung the praise of Strephon, handsome swain,",prc90-l04215, And rocks and hills re-echo'd back again. ,prc90-l04220,/eɪn/ | /en/,half-pararhyme,aba<b>b</b><b>b</b>,pers00328,prc90-w0280
main," Such is the brightness that adorns my swain,",prc90-l04290, I've view'd the fun's bright lustre on the main;,prc90-l04280,/eɪn/ | /eɪn/,full,a<b>b</b>a<b>b</b>b,pers00328,prc90-w0280
retain," Such is the brightness that adorns my swain,",prc90-l04290, And still this breast his image shall retain. ,prc90-l04295,/eɪn/ | /eɪn/,full,aba<b>b</b><b>b</b>,pers00328,prc90-w0280
plain," Forbids my swain,",peh89-l09800," To tread this plain,",peh89-l09805,/eɪn/ | /eɪn/,full,xa<b>b</b><b>b</b>a,pers00324,peh89-w0240
plain,"Mean while, in hope a guiltless country swain,",o5089-l14720, My reed with warblings chears th' imagin'd plain. ,o5089-l14725,/eɪn/ | /eɪn/,full,<b>a</b><b>a</b>,pers00011,o5089-w0210
pain, Alas! I languish for no common swain;,prc90-l05575," And yet I'm tortur'd, with uncommon pain. ",prc90-l05585,/eɪn/ | /eɪn/,full,a<b>b</b>a<b>b</b>,pers00328,prc90-w0400
plain," Dwelt, in the house of Care, a sturdy swain;",pcr18-l20705,"In Fairy-land, on wide and cheerless plain,",pcr18-l20700,/eɪn/ | /eɪn/,full,<b>a</b><b>a</b>,pers00275,pcr18-w0050
vain, From James that honest-hearted swain? ,bjl92-l05705, For which so many sigh in vain? ,bjl92-l05695,/eɪn/ | /eɪn/,full,a<b>b</b>a<b>b</b>,pers00338,bjl92-w0200
again," The well-known Sounds will wake the ling'ring Swain,",o5247-l00065, And bring him panting to my Arms again. ,o5247-l00070,/eɪn/ | /en/,half-pararhyme,<b>a</b><b>a</b>,pers00295,o5247-w0010
pain,A Female Friend advis'd a Swain,o4784-l22400," Make Love thy Pleasure, not thy Pain,",o4784-l22410,/eɪn/ | /eɪn/,full,<b>a</b>b<b>a</b>b,pers00268,o4784-w0730
disdain,"No longer Louisa shall sigh for her swain,",prc90-l00545, Nor her feelings be hurt with contempt and disdain;,prc90-l00550,/eɪn/ | /eɪn/,full,<b>a</b><b>a</b>bb,pers00328,prc90-w0030
again," And well resolv'd appear'd the swain,",bjl92-l01285,"The maid, reluctant, turn'd again,",bjl92-l01275,/eɪn/ | /en/,half-pararhyme,<b>a</b>b<b>a</b>b,pers00338,bjl92-w0060
again, Let me sigh for my Swain;,pse03-l05600, Will speak on't again. ,pse03-l05610,/eɪn/ | /en/,half-pararhyme,x<b>a</b>x<b>a</b>,pers00272,pse03-w0260
plain, To meet some happy swain? ,peh89-l07115, So late upon the plain. ,peh89-l07125,/eɪn/ | /eɪn/,full,x<b>a</b>x<b>a</b>,pers00324,peh89-w0080
train,"Charm'd his attentive flock, a simple shepherd swain.",o5154-l14845,"His rustick pipe, and e'en the sacred train",o5154-l14830,/eɪn/ | /eɪn/,full,ababb<b>c</b>bc<b>c</b>,pers00046,o5154-w0220
again,"Charm'd his attentive flock, a simple shepherd swain.",o5154-l14845,And thought their own Apollo once again,o5154-l14840,/eɪn/ | /en/,half-pararhyme,ababbcb<b>c</b><b>c</b>,pers00046,o5154-w0220
profane,"But harm betide the wayward swain,",o5155-l38300,Who dares our hallow'd haunt profane!,o5155-l38305,/eɪn/ | /eɪn/,full,aabb<b>c</b><b>c</b>,pers00035,o5155-w0940
strain, 'Tis thine to bless the simple swain;,o4987-l09905," And, while he tries the tuneful strain,",o4987-l09910,/eɪn/ | /eɪn/,full,aab<b>c</b><b>c</b>b,pers00209,o4987-w0290
pain, Nor lament a fickle swain;,bjl92-l06215, Fills my heart with piercing pain. ,bjl92-l06225,/eɪn/ | /eɪn/,full,a<b>b</b>a<b>b</b>,pers00338,bjl92-w0230
plain, And sent the Willow to her slighted Swain. ,o5125-l18030," Who broke your Cypress Bowl on yonder Plain,",o5125-l18025,/eɪn/ | /eɪn/,full,<b>a</b><b>a</b>,pers00154,o5125-w0480
plain," Attendant on the shepherd swain,",o4986-l31680, Thou cheer'st his labours on the plain. ,o4986-l31685,/eɪn/ | /eɪn/,full,<b>a</b><b>a</b>,pers00213,o4986-w0760
complain,That I can't chuse but blame her faithless Swain:,clc03-l08260,"The fair Oenone does so well complain,",clc03-l08255,/eɪn/ | /eɪn/,full,<b>a</b><b>a</b>,pers00349,clc03-w0170
vain," Had triumph'd long o'er many a Swain,",o5247-l00440," And oft' been woo'd, but woo'd in vain;",o5247-l00445,/eɪn/ | /eɪn/,full,<b>a</b><b>a</b>,pers00295,o5247-w0020
entertain,"No Skill of Musick can I, simple Swain,",sap09-l01820, No fine Device thine Ear to entertain;,sap09-l01825,/eɪn/ | /eɪn/,full,<b>a</b><b>a</b>,pers00302,sap09-w0040
strain,"So trim his Sonnets are, I prithee, Swain,",sap09-l01870, Now give us once a Sample of his Strain:,sap09-l01875,/eɪn/ | /eɪn/,full,<b>a</b><b>a</b>,pers00302,sap09-w0040
reign," For tho' your Beauty rule the silly Swain,",sap09-l02050, And in his Heart like little Queens you reign;,sap09-l02055,/eɪn/ | /eɪn/,full,<b>a</b><b>a</b>,pers00302,sap09-w0040
again, Besought the blooming swain;,prc90-l05175, Oh ne'er return again. ,prc90-l05185,/eɪn/ | /en/,half-pararhyme,x<b>a</b>x<b>a</b>,pers00328,prc90-w0340
plain, Sent forth my longing Eye to meet the Swain;,pmp18-l45110," And from the Cottage, o'er the distant Plain,",pmp18-l45105,/eɪn/ | /eɪn/,full,<b>a</b><b>a</b>,pers00314,pmp18-w1110
strain," While youth or beauty sways the swain,",bjl92-l05160,"The truth, though in unwelcome strain,",bjl92-l05150,/eɪn/ | /eɪn/,full,<b>a</b>b<b>a</b>b,pers00338,bjl92-w0170
plain," From Flock to Flock, and ask'd of ev'ry Swain,",ppo24-l06465," Trembling, and pale, I ran thro' all the Plain,",ppo24-l06460,/eɪn/ | /eɪn/,full,<b>a</b><b>a</b>,pers00257,ppo24-w0060
complain,"So quick she eas'd the Wrongs of every Swain,",ppo24-l06755, She hardly gave them Leisure to complain. ,ppo24-l06760,/eɪn/ | /eɪn/,full,<b>a</b><b>a</b>,pers00257,ppo24-w0060
pain,"A poor, despairing, dying swain.",o5156-l38395,"KIND relief in all my pain,",o5156-l38350,/eɪn/ | /eɪn/,full,<b>a</b>bbccddee<b>a</b>ffffggghihihkkllmmmnnoopp,pers00008,o5156-w1210
plain,Made fertile by the labours of the swain;,n09pf-l00020,"WHERE yonder stream divides the fertile plain,",n09pf-l00015,/eɪn/ | /eɪn/,full,<b>a</b><b>a</b>,pers00355,n09pf-w0010
pain,Had liv'd and dy'd the homely shepherd swain:,n09pf-l00670,"THUS spent his days in labour's pleasant, pain,",n09pf-l00665,/eɪn/ | /eɪn/,full,<b>a</b><b>a</b>,pers00355,n09pf-w0010
train,"O day, lamented by the Indian swain!",n09pf-l01390,"O FATE! unworthy such a tender train,",n09pf-l01385,/eɪn/ | /eɪn/,full,<b>a</b><b>a</b>,pers00355,n09pf-w0010
plain,Made fertile by the labours of the swain;,n09pf-l01940,"Now fairest village of the fertile plain,",n09pf-l01935,/eɪn/ | /eɪn/,full,<b>a</b><b>a</b>,pers00355,n09pf-w0010
vain,"Then scorn her, scorn her, foolish Swain,",clc03-l03950,"And sigh no more, no more in vain.",clc03-l03955,/eɪn/ | /eɪn/,full,aabb<b>c</b><b>c</b>,pers00349,clc03-w0060
again," But Oh! My Celia, when Thy Swain",pmp18-l10395, Desires to see a Court again;,pmp18-l10400,/eɪn/ | /en/,half-pararhyme,<b>a</b><b>a</b>,pers00314,pmp18-w0430
twain, And Damon's a kind-hearted swain. ,peh89-l07815, My heart is divided in twain;,peh89-l07805,/eɪn/ | /eɪn/,full,a<b>b</b>a<b>b</b>,pers00324,peh89-w0130
complain," My bosom is soften'd to hear the fond swain,",peh89-l07850,"But when my dear Damon does to me complain,",peh89-l07840,/eɪn/ | /eɪn/,full,<b>a</b>b<b>a</b>b,pers00324,peh89-w0130
gain,"Sleep on, much injur'd hapless swain,",o4985-l22235," To curse th' insatiate thirst of gain,",o4985-l22245,/eɪn/ | /eɪn/,full,<b>a</b>b<b>a</b>bcc,pers00058,o4985-w0310
pain,"The Nurse, the Mistress, Parent and the Swain,",pse03-l11565," For Love she must, there's none escape that Pain;",pse03-l11570,/eɪn/ | /eɪn/,full,<b>a</b><b>a</b>,pers00272,pse03-w0520
plain, Oft it soothes the shepherd swain;,o5280-l04365," As at eve he treads the plain,",o5280-l04360,/eɪn/ | /eɪn/,full,<b>a</b><b>a</b>,pers00277,o5280-w0310
plain,"How soon shall Freedom cheer the drooping swain,",bsb18-l12235," How soon shall Plenty spread along the plain,",bsb18-l12240,/eɪn/ | /eɪn/,full,<b>a</b><b>a</b>,pers00280,bsb18-w0130
plain,"And must my Strephon, must my faithful Swain,",ppo24-l05885," Be forc'd, you cry'd, to a remoter Plain! ",ppo24-l05890,/eɪn/ | /eɪn/,full,<b>a</b><b>a</b>,pers00257,ppo24-w0050
bane," ""And make the ruffian, once a simple swain! ",o4267-l00295," ""Perish her hopes of Industry the bane! ",o4267-l00285,/eɪn/ | /eɪn/,full,<b>a</b>b<b>a</b>b,pers00331,o4267-w0010
plain," But, bless'd with Peace and Plenty, smiles the Swain. ",o4741-l06410, No plund'ring Armies rob our fruitful Plain;,o4741-l06405,/eɪn/ | /eɪn/,full,<b>a</b><b>a</b>,pers00091,o4741-w0090
vain, In vain the Vineyard tempts the thirsty Swain;,o4741-l06460,"The hungry Farmer views his Crops in vain,",o4741-l06455,/eɪn/ | /eɪn/,full,<b>a</b><b>a</b>,pers00091,o4741-w0090
